0.0358145497739315
0.031377848237752914
0.02528887614607811
0.024356424808502197
0.03249959275126457
0.02377411723136902
0.04621962830424309
0.035298243165016174
0.04699452593922615
0.05552142485976219
0.058378808200359344
0.05969829112291336
0.05741439759731293
0.07043508440256119
0.06069221347570419
0.04830807447433472
0.050272468477487564
0.05732603743672371
0.06604403257369995
0.04903325065970421
0.06942618638277054
0.06247807666659355
0.08459919691085815
0.07867452502250671
0.06740862876176834
0.06991294026374817
0.07833916693925858
0.05661783367395401
0.08559754490852356
0.09128439426422119
0.07352322340011597
0.06461622565984726
0.08898100256919861
0.08483044803142548
0.07418159395456314
0.0925300344824791
0.08358852565288544
0.04827446863055229
0.0772436186671257
0.09441909939050674
0.0787074938416481
0.08323432505130768
0.05522794649004936
0.0675225704908371
0.059981055557727814
0.07453707605600357
0.08231358230113983
0.06056927517056465
0.07840855419635773
0.07363041490316391