0.2616412937641144
-0.13968266546726227
-0.08935761451721191
0.004669116344302893
0.07465726137161255
-0.134610116481781
0.02695622481405735
-0.12097275257110596
-0.07872514426708221
-0.017701806500554085
-0.027189452201128006
-0.036277931183576584
-0.01614569127559662
0.07085173577070236
-0.11786756664514542
-0.2002228945493698
-0.02750209905207157
-0.2692786753177643
-0.21842341125011444
-0.3049306273460388
0.051870983093976974
0.06045658141374588
0.029620764777064323
-0.05641579627990723
-0.2900165617465973
-0.026898181065917015
-0.2273285686969757
-0.15076524019241333
0.05296603962779045
-0.018813451752066612
-0.1399003267288208
-0.17584799230098724
-0.07707088440656662
-0.1758367419242859
-0.20526555180549622
-0.5848912596702576
0.01517506130039692
-0.004844494629651308
-0.21908745169639587
0.21708115935325623
-0.30699577927589417
0.059627894312143326
-0.09633892774581909
-0.5852137207984924
0.12934710085391998
-0.07818429172039032
0.17949986457824707
-0.11623799055814743
-0.18311022222042084
0.0765824094414711
-0.46813592314720154
-0.07216359674930573
-0.3211382329463959
-0.42732152342796326
-0.12589479982852936
-0.20846833288669586
-0.40125903487205505
-0.07913563400506973
0.07800201326608658
-0.003784655826166272
0.08057587593793869
0.016942577436566353
0.07827523350715637
0.09857648611068726
0.15813131630420685
-0.010877502150833607
-0.444805383682251
-0.22395068407058716
-0.10698652267456055
0.027773534879088402
-0.08419805020093918
-0.19199272990226746
0.13000701367855072
-0.009724194183945656
-0.021549608558416367
-0.08890915662050247
-0.07044468820095062
0.04269959777593613
-0.08394774049520493
-0.027819043025374413
0.11969231069087982
-0.07815700769424438
-0.12393993884325027
-0.2172301709651947
-0.3733283281326294
-0.17637351155281067
0.14027324318885803
-0.1607602834701538
0.15409591794013977
-0.23523759841918945
-0.22358745336532593
-0.3949512839317322
-0.13166643679141998
0.24330253899097443
0.06317761540412903
-0.41719815135002136
-0.4731043875217438
-0.16324202716350555
-0.32705870270729065
-0.17062029242515564