-0.3364080488681793
-0.09051595628261566
-0.012288452126085758
0.11196351051330566
-0.11428271234035492
-0.11551965028047562
-0.0850536972284317
-0.06626613438129425
-0.20749834179878235
-0.032604675740003586
0.06248829513788223
-0.025214537978172302
0.05035018175840378
0.05147772282361984
-0.10672059655189514
-0.06784780323505402
0.05816591903567314
-0.00477983383461833
0.09470123052597046
0.3554372489452362
0.003184875473380089
-0.282916784286499
-0.007858434692025185
0.2689712941646576
0.07906103879213333
-0.19944310188293457
-0.14821398258209229
0.03340528532862663
-0.09804185479879379
0.12991558015346527
-0.06283752620220184
0.0011441895039752126
0.06732092052698135
0.0872969999909401
0.22133377194404602
0.11568006873130798
0.02113243378698826
0.05709923058748245
0.06378347426652908
0.16756048798561096
-0.0825570821762085
-0.13784462213516235
-0.21680858731269836
0.04417812451720238
-0.0039991820231080055
-0.08442410826683044
0.11899139732122421
-0.017884045839309692
0.1850769817829132
-0.12493029981851578