loss
Out[8]: 
[0.04656330496072769,
 0.03516550734639168,
 0.02878379449248314,
 0.024923590943217278,
 0.01785227097570896,
 0.0198845025151968,
 0.021713290363550186,
 0.0363927036523819,
 0.04111311584711075,
 0.04159519448876381,
 0.04852825775742531,
 0.047648489475250244,
 0.05129394680261612,
 0.04619783163070679,
 0.049342621117830276,
 0.053069714456796646,
 0.052379313856363297,
 0.04946831241250038,
 0.04671325534582138,
 0.04879136011004448,
 0.048220887780189514,
 0.04802081733942032,
 0.0469297431409359,
 0.054940514266490936,
 0.05109521001577377,
 0.058053236454725266,
 0.054587915539741516,
 0.05511271953582764,
 0.06049085780978203,
 0.0599871389567852,
 0.060116399079561234,
 0.060520924627780914,
 0.06381712853908539,
 0.06266465783119202,
 0.06990133225917816,
 0.07631663978099823,
 0.07373780757188797,
 0.06773387640714645,
 0.07606221735477448,
 0.07510942220687866,
 0.07119529694318771,
 0.0727197527885437,
 0.080020472407341,
 0.07843124866485596,
 0.07973552495241165,
 0.0778101459145546,
 0.08165723830461502,
 0.08231095969676971,
 0.08545827120542526,
 0.08430752158164978,
 0.08615192770957947,
 0.0855678841471672,
 0.08621961623430252,
 0.08583402633666992,
 0.07839524000883102,
 0.08794284611940384,
 0.08593570441007614,
 0.09479890018701553,
 0.08283551037311554,
 0.0853121280670166,
 0.08222124725580215,
 0.08818406611680984,
 0.0820239707827568,
 0.08382479101419449,
 0.08144441992044449,
 0.08105126023292542,
 0.0797869861125946,
 0.08476046472787857,
 0.08684034645557404,
 0.08741388469934464,
 0.08945193886756897,
 0.08004644513130188,
 0.08861745148897171,
 0.08477889001369476,
 0.08590269088745117,
 0.08439992368221283,
 0.07723551988601685,
 0.07374639064073563,
 0.08004934340715408,
 0.08452577143907547,
 0.07266942411661148,
 0.09316419810056686,
 0.07542312145233154,
 0.07550369948148727,
 0.07958655804395676,
 0.08346947282552719,
 0.07234920561313629,
 0.07314698398113251,
 0.070295549929142,
 0.06285081803798676,
 0.07111746072769165,
 0.05643421784043312,
 0.06181630119681358,
 0.062317002564668655,
 0.047299809753894806,
 0.05825154855847359,
 0.05637730658054352,
 0.06314963102340698,
 0.06713850796222687,
 0.05027095973491669,
 0.05188940465450287,
 0.05829860270023346,
 0.053937193006277084,
 0.049629490822553635,
 0.04327067360281944,
 0.043373215943574905,
 0.06246268376708031,
 0.03800049051642418,
 0.03964904695749283,
 0.04004768282175064,
 0.0469546876847744,
 0.03937062248587608,
 0.03853653371334076,
 0.038669291883707047,
 0.04027089104056358,
 0.05140681192278862,
 0.04634211212396622,
 0.04486282169818878,
 0.03542166203260422,
 0.03717699274420738,
 0.04038792476058006,
 0.035372547805309296,
 0.04490457475185394,
 0.029253508895635605,
 0.037532731890678406,
 0.04016071557998657,
 0.031187402084469795,
 0.0368758924305439,
 0.038986992090940475,
 0.04664701223373413,
 0.03212283179163933,
 0.0357946939766407,
 0.032941266894340515,
 0.03417148441076279,
 0.03452809900045395,
 0.02967042289674282,
 0.03616946190595627,
 0.03924709931015968,
 0.024712329730391502,
 0.042899396270513535,
 0.025044741109013557,
 0.031633514910936356,
 0.029919425025582314,
 0.0307035893201828,
 0.025414736941456795,
 0.03372534364461899,
 0.03403232991695404,
 0.032730236649513245,
 0.032981544733047485,
 0.03479200601577759,
 0.03192002698779106,
 0.031016400083899498,
 0.038737572729587555,
 0.03586432337760925,
 0.026970727369189262,
 0.03361569717526436,
 0.03445804491639137,
 0.030498407781124115,
 0.040993403643369675,
 0.03172000125050545,
 0.03374103829264641,
 0.045032475143671036,
 0.04319385811686516,
 0.044408898800611496,
 0.050323519855737686,
 0.044692493975162506,
 0.03386358916759491,
 0.05639467015862465,
 0.041911207139492035,
 0.056406836956739426,
 0.05191881209611893,
 0.03797432407736778,
 0.06230289489030838,
 0.06026166304945946,
 0.052780188620090485,
 0.05985031649470329,
 0.060184545814991,
 0.07851074635982513,
 0.06615490466356277,
 0.07642990350723267,
 0.07442767173051834,
 0.07569069415330887,
 0.07290904223918915,
 0.0813714861869812,
 0.06500962376594543,
 0.07556810230016708,
 0.07825161516666412,
 0.06347319483757019,
 0.06700088828802109,
 0.08207225054502487,
 0.06836714595556259,
 0.0648711547255516,
 0.07901479303836823,
 0.07106972485780716,
 0.06870778650045395,
 0.07403623312711716,
 0.07233434170484543,
 0.05608685314655304,
 0.05444584786891937,
 0.07339543104171753]