0.04258444905281067
0.03388260677456856
0.018249526619911194
0.03276130557060242
0.03416091948747635
0.035230740904808044
0.050901271402835846
0.03900552913546562
0.04068444296717644
0.06019052863121033
0.044746845960617065
0.05227820575237274
0.043494123965501785
0.04952920228242874
0.054000627249479294
0.05303353816270828
0.04457283392548561
0.057704560458660126
0.04812298342585564
0.052753202617168427
0.04654868319630623
0.06352013349533081
0.061356984078884125
0.05844173580408096
0.04842309653759003
0.04872560501098633
0.05848841369152069
0.0637567862868309
0.051745813339948654
0.06806807965040207
0.061153002083301544
0.06872734427452087
0.06535325944423676
0.06797031313180923
0.06911108642816544
0.05607060715556145
0.07230929285287857
0.06288901716470718
0.04339020326733589
0.05157453566789627
0.08641120046377182
0.08887019753456116
0.06703076511621475
0.04235111549496651
0.07245268672704697
0.07642484456300735
0.09721130132675171
0.0768011137843132
0.0754125565290451
0.07603437453508377
0.06814433634281158
0.09250093996524811
0.10178670287132263
0.019078481942415237
0.06718603521585464
0.0669097751379013
0.06275955587625504
0.07264606654644012
0.03666417673230171
0.08117791265249252
0.08523917198181152
0.08716119825839996
0.07583854347467422
0.05638902634382248
0.07491277158260345
0.0901675596833229
0.03146670386195183
0.08367634564638138
0.07145406305789948
0.06722749024629593
0.08207333087921143
0.05840344354510307
0.0758986696600914
0.04472102224826813
0.07445250451564789
0.049528107047080994
0.08022117614746094
0.08444903790950775
0.07613342255353928
0.07812943309545517
0.05746620520949364
0.04927603900432587
0.05653933063149452
0.0964374914765358
0.1015671119093895
0.0914735496044159
0.062432531267404556
0.07643254101276398
0.05317135155200958
0.05545734986662865
0.07104387134313583
0.062129370868206024
0.07620539516210556
0.06059274449944496
0.07729730755090714
0.05403680354356766
0.06181713193655014
0.08001923561096191
0.0619732066988945
0.0424843393266201