0.03252125531435013
0.030840490013360977
0.03325255960226059
0.024519182741642
0.018703462556004524
0.018366903066635132
0.028642309829592705
0.023983385413885117
0.027007874101400375
0.039968375116586685
0.04559585452079773
0.042994868010282516
0.04740259051322937
0.04440578073263168
0.0495685450732708
0.04386058449745178
0.04744355380535126
0.047751206904649734
0.05051424726843834
0.05043860524892807
0.048383601009845734
0.05177205801010132
0.04767629876732826
0.0524413138628006
0.048340264707803726
0.05397794768214226
0.05184725299477577
0.058605507016181946
0.05675344914197922
0.0568293072283268
0.060535743832588196
0.05411155894398689
0.05467158183455467
0.060563862323760986
0.06102363392710686
0.06434851139783859
0.06374303996562958
0.058378588408231735
0.05842753127217293
0.06531079858541489
0.05499032139778137
0.06327539682388306
0.06532123684883118
0.05962565913796425
0.060926634818315506
0.06506964564323425
0.06315084546804428
0.05361244082450867
0.06430641561746597
0.060376398265361786