[0.03388773277401924,
 0.031861811876297,
 0.03276319429278374,
 0.030031925067305565,
 0.02178809978067875,
 0.01883019134402275,
 0.0250414852052927,
 0.029097186401486397,
 0.033202845603227615,
 0.04050742834806442,
 0.044709715992212296,
 0.051138196140527725,
 0.052452366799116135,
 0.05384190008044243,
 0.055296435952186584,
 0.05681970342993736,
 0.056717053055763245,
 0.05652656778693199,
 0.05458701774477959,
 0.05420832335948944,
 0.05991750583052635,
 0.0577571764588356,
 0.05098186805844307,
 0.056166138499975204,
 0.028532367199659348]