[0.03429840877652168,
 0.03443482518196106,
 0.03011433407664299,
 0.02558869495987892,
 0.019801052287220955,
 0.012536308728158474,
 0.016698909923434258,
 0.024402538314461708,
 0.032393280416727066,
 0.03295886889100075,
 0.03801123797893524,
 0.04388631135225296,
 0.03766872361302376,
 0.040228575468063354,
 0.04674319550395012,
 0.046870533376932144,
 0.044653572142124176,
 0.046020690351724625,
 0.04672873020172119,
 0.05058426409959793,
 0.05213165283203125,
 0.0555066280066967,
 0.05321893468499184,
 0.05552004277706146,
 0.058418016880750656]