[0.030433837324380875,
 0.028070520609617233,
 0.021254699677228928,
 0.022120045498013496,
 0.021766632795333862,
 0.024393195286393166,
 0.029590850695967674,
 0.03422411158680916,
 0.03788376599550247,
 0.04298432171344757,
 0.045016344636678696,
 0.051154784858226776,
 0.051260240375995636,
 0.05469956621527672,
 0.05532185733318329,
 0.054632630199193954,
 0.055470872670412064,
 0.05267585441470146,
 0.0584389828145504,
 0.05761737748980522,
 0.04871693253517151,
 0.05170711129903793,
 0.054445043206214905,
 0.055087000131607056,
 0.05281812697649002,
 0.057318754494190216,
 0.05628489330410957,
 0.0583757646381855,
 0.0644359365105629,
 0.05707927793264389,
 0.06204920634627342,
 0.05781447887420654,
 0.06013114005327225,
 0.06431501358747482,
 0.068327397108078,
 0.06737253069877625,
 0.06608881801366806,
 0.07063448429107666,
 0.0673866793513298,
 0.0628463551402092,
 0.06464693695306778,
 0.06294180452823639,
 0.06728418171405792,
 0.06580666452646255,
 0.06751226633787155,
 0.06252894550561905,
 0.06375302374362946,
 0.05984136834740639,
 0.06614261120557785,
 0.06407400220632553,
 0.0625113919377327,
 0.060230884701013565,
 0.060403235256671906,
 0.061517078429460526,
 0.05587007477879524,
 0.06615535914897919,
 0.058289073407649994,
 0.05739043653011322,
 0.061220165342092514,
 0.05940956994891167,
 0.0602564699947834,
 0.05803999677300453,
 0.06195707991719246,
 0.06092850863933563,
 0.054909296333789825,
 0.05573442205786705,
 0.051150210201740265,
 0.05010068044066429,
 0.05214161425828934,
 0.054443467408418655,
 0.053537335246801376,
 0.05336148664355278,
 0.0630500316619873,
 0.05458197742700577,
 0.05265207961201668]