0.03183608874678612
0.035019807517528534
0.030975336208939552
0.025443779304623604
0.023308364674448967
0.02864224836230278
0.036847662180662155
0.03954048082232475
0.048146605491638184
0.050716426223516464
0.05402076989412308
0.0511075034737587
0.05412006378173828
0.05559111386537552
0.05751526355743408
0.05597015470266342
0.05442916974425316
0.05052850767970085
0.05182404816150665
0.050949711352586746
0.05071556940674782
0.05848615616559982
0.05128178000450134
0.047784410417079926
0.05254711955785751
0.05147299915552139
0.04673202335834503
0.05423610657453537
0.04705670103430748
0.051612500101327896
0.05578736588358879
0.05353992432355881
0.05065508931875229
0.05509008839726448
0.051531895995140076
0.05567365884780884
0.05489397048950195
0.05453287437558174
0.0557980053126812
0.058006953448057175
0.061194922775030136
0.06380625069141388
0.05632760003209114
0.054479554295539856
0.05293739587068558
0.06165303289890289
0.056986842304468155
0.051008839160203934
0.05194417014718056
0.05619361996650696
0.05053377524018288
0.05932559818029404
0.05301027372479439
0.05721455067396164
0.05498106777667999
0.05368862301111221
0.05386707931756973
0.06101759150624275
0.06046341732144356
0.05821801722049713
0.052470799535512924
0.04592381417751312
0.05025717243552208
0.056189555674791336
0.05260784924030304
0.0518692210316658
0.04794017970561981
0.05361826717853546
0.057274963706731796
0.0557950921356678
0.04829348623752594
0.050193581730127335
0.05532580614089966
0.05013567954301834
0.05141041427850723
0.04473970830440521
0.0509226955473423
0.05318712070584297
0.05127491429448128
0.039428096264600754
0.04875244200229645
0.04926518350839615
0.046796370297670364
0.03930727392435074
0.055704839527606964
0.044618312269449234
0.0435154065489769
0.04519343748688698
0.03854788839817047
0.045912448316812515
0.044317811727523804
0.04276922717690468
0.045512855052948
0.050518278032541275
0.04198823124170303
0.03813902661204338
0.04730241745710373
0.04543529078364372
0.0420960932970047
-0.0019191955216228962