0.03185882046818733
0.031382545828819275
0.0308678075671196
0.025347834452986717
0.027738390490412712
0.02696843259036541
0.033729564398527145
0.0387447327375412
0.03978050500154495
0.04652068018913269
0.04651058837771416
0.05232404172420502
0.05083100497722626
0.05398989096283913
0.05582208186388016
0.05852082371711731
0.058733776211738586
0.062060143798589706
0.06204177811741829
0.060931071639060974
0.06260057538747787
0.058375339955091476
0.062098052352666855
0.06545404344797134
0.06592053174972534
0.06299322843551636
0.07416657358407974
0.06671395152807236
0.07047998905181885
0.07027771323919296
0.06457440555095673
0.0716342031955719
0.06874770671129227
0.07527709007263184
0.06778226792812347
0.0717027559876442
0.07002472877502441
0.0737258791923523
0.0777021273970604
0.07351288944482803
0.07159125804901123
0.07030072063207626
0.07639859616756439
0.0758044645190239
0.07411358505487442
0.0730474516749382
0.07428976148366928
0.07011109590530396
0.07052392512559891
0.07263410836458206
0.06911357492208481
0.0763670802116394
0.07295680046081543
0.07122372090816498
0.06899835169315338
0.06840385496616364
0.06232971325516701
0.06524308025836945
0.06387786567211151
0.06981288641691208
0.06832996010780334
0.07064416259527206
0.07008460909128189
0.06632335484027863
0.06833431869745255
0.06763946264982224
0.06610189378261566
0.0608421191573143
0.06217806413769722
0.06642797589302063
0.06292003393173218
0.06975793093442917
0.06836885213851929
0.06500689685344696
0.06628693640232086
0.06898920983076096
0.0716853141784668
0.06901479512453079
0.06682959944009781
0.08149351179599762
0.06556852161884308
0.07558946311473846
0.0702938362956047
0.07284292578697205
0.07367964088916779
0.07647020369768143
0.07947015762329102
0.07854068279266357
0.07876711338758469
0.07681094855070114
0.08100631088018417
0.07728784531354904
0.07811141014099121
0.08532176911830902
0.07877659052610397
0.08240757137537003
0.0807320773601532
0.08974169194698334
0.1273098587989807