[0.034793220460414886,
 0.03317916393280029,
 0.022744309157133102,
 0.00042395631317049265,
 0.04199771210551262,
 0.023234538733959198,
 0.04556239768862724,
 0.034725483506917953,
 0.03854158893227577,
 0.06214556097984314,
 0.061146728694438934,
 0.05394914001226425,
 0.053548414260149,
 0.05350491777062416,
 0.056823767721652985,
 0.058935943990945816,
 0.06303808838129044,
 0.07443832606077194,
 0.06581637263298035,
 0.05246805399656296,
 0.07277340441942215,
 0.06572205573320389,
 0.06755299866199493,
 0.08311831951141357,
 0.06640302389860153]