0.03281989321112633
0.03305496275424957
0.03193148225545883
0.03266040235757828
0.02485058270394802
0.022062592208385468
0.019480906426906586
0.028905071318149567
0.03752356767654419
0.04070908576250076
0.039313603192567825
0.04890977963805199
0.05683060735464096
0.050998516380786896
0.055952027440071106
0.055658821016550064
0.04723134636878967
0.05127716809511185
0.05543304607272148
0.049080681055784225
0.05414368957281113
0.05277938395738602
0.053205400705337524
0.05103861540555954
0.05053216591477394
0.05749596655368805
0.06055121496319771
0.053947851061820984
0.057157035917043686
0.06005784869194031
0.06590542197227478
0.06156936660408974
0.06370050460100174
0.05927810072898865
0.06296894699335098
0.06910356134176254
0.07249411940574646
0.06447035074234009
0.07113920897245407
0.07127551734447479
0.06487947702407837
0.07191227376461029
0.06877759099006653
0.06724407523870468
0.06770273298025131
0.07363501191139221
0.0731799528002739
0.06970136612653732
0.07218120247125626
0.07931717485189438
0.07675701379776001
0.06712033599615097
0.07609080523252487
0.06696826219558716
0.06663283705711365
0.07343471795320511
0.07842008024454117
0.07592889666557312
0.07120433449745178
0.0647810772061348
0.07558564096689224
0.0694342628121376
0.06841293722391129
0.07414329051971436
0.07217758148908615
0.077656589448452
0.07449382543563843
0.06626417487859726
0.07894942164421082
0.06960789859294891
0.0688956081867218
0.08072502166032791
0.07026194036006927
0.07569548487663269
0.07166683673858643
0.07442891597747803
0.0697491466999054
0.08136127889156342
0.07093210518360138
0.07367930561304092
0.08183607459068298
0.07202987372875214
0.07451256364583969
0.07337924838066101
0.07416508346796036
0.07278510928153992
0.08795525878667831
0.07669922709465027
0.07632806897163391
0.07940720021724701
0.07787878811359406
0.07086692750453949
0.08258340507745743
0.07921923696994781
0.08012602478265762
0.07093023508787155
0.07838883996009827
0.07691241800785065
0.07302118837833405
0.07605960965156555