[0.030865589156746864,
 0.021728698164224625,
 0.033649541437625885,
 0.020495744422078133,
 0.027568161487579346,
 0.043519582599401474,
 0.04943985119462013,
 0.04033023491501808,
 0.06480176746845245,
 0.05272940546274185,
 0.0582134835422039,
 0.05621251091361046,
 0.06368362158536911,
 0.06708099693059921,
 0.04349401965737343,
 0.04575749486684799,
 0.048674602061510086,
 0.058941565454006195,
 0.050641871988773346,
 0.06347352266311646,
 0.0585462786257267,
 0.081517294049263,
 0.06159781664609909,
 0.05230088531970978,
 0.08304418623447418,
 0.0701812282204628,
 0.07014103978872299,
 0.0785457119345665,
 0.0649462342262268,
 0.0849732905626297,
 0.06837809085845947,
 0.08172154426574707,
 0.07094218581914902,
 0.06520456820726395,
 0.08228256553411484,
 0.07081090658903122,
 0.07153408974409103,
 0.0718059167265892,
 0.0828327015042305,
 0.10261201113462448,
 0.08852687478065491,
 0.049135319888591766,
 0.07523752748966217,
 0.09615843743085861,
 0.07895860821008682,
 0.09570600092411041,
 0.08102075010538101,
 0.05243491381406784,
 0.08446959406137466,
 0.06297746300697327,
 0.09044253826141357,
 0.07359996438026428,
 0.08595094829797745,
 0.07066245377063751,
 0.07757633924484253,
 0.1140255406498909,
 0.09216418117284775,
 0.06491868942975998,
 0.09627121686935425,
 0.06315470486879349,
 0.07693446427583694,
 0.0807071179151535,
 0.07442950457334518,
 0.08417324721813202,
 0.052446018904447556,
 0.09970778226852417,
 0.10321050137281418,
 0.04715658351778984,
 0.05472752824425697,
 0.08154574036598206,
 0.08877533674240112,
 0.08873432874679565,
 0.07516317814588547,
 0.09340095520019531,
 0.058386027812957764]