0.03942173346877098
0.03998228907585144
0.035860996693372726
0.02862534485757351
0.024778112769126892
0.022383082658052444
0.022345181554555893
0.028978601098060608
0.03701387345790863
0.04166892543435097
0.04273603484034538
0.046080708503723145
0.04367111995816231
0.04889781400561333
0.051476966589689255
0.049887415021657944
0.04108259826898575
0.0461687296628952
0.04757397621870041
0.048106901347637177
0.04685131460428238
0.04848745837807655
0.047270651906728745
0.0454951673746109
0.04627536982297897
0.04074839502573013
0.0435364693403244
0.044912245124578476
0.04883424565196037
0.057347510010004044
0.05545198544859886
0.0508880689740181
0.05289821699261665
0.057185009121894836
0.05827175825834274
0.049775201827287674
0.05138052999973297
0.057609718292951584
0.06035145744681358
0.06380844116210938
0.05779315158724785
0.06875848025083542
0.05704342573881149
0.06114122271537781
0.0658877044916153
0.05561653524637222
0.056373756378889084
0.0579669252038002
0.058560606092214584
0.04803885892033577