[0.03825416788458824,
 0.02880430966615677,
 0.0347680039703846,
 0.02693157084286213,
 0.024938642978668213,
 0.02578877843916416,
 0.024830227717757225,
 0.03246098756790161,
 0.03889746963977814,
 0.035880088806152344,
 0.04064098000526428,
 0.048807792365550995,
 0.04915136471390724,
 0.04691801965236664,
 0.05076989904046059,
 0.051724549382925034,
 0.04741558060050011,
 0.04858154430985451,
 0.048267610371112823,
 0.04977605491876602,
 0.05022674426436424,
 0.04662064462900162,
 0.05023724213242531,
 0.047170329838991165,
 0.04831841588020325,
 0.05028829351067543,
 0.05318966135382652,
 0.04517969489097595,
 0.0470641665160656,
 0.05166395381093025,
 0.04905339330434799,
 0.046169329434633255,
 0.0477619506418705,
 0.0496094711124897,
 0.05205368623137474,
 0.04240475967526436,
 0.048852406442165375,
 0.047797948122024536,
 0.05150691047310829,
 0.046668991446495056,
 0.04529361054301262,
 0.04975632205605507,
 0.044362764805555344,
 0.043234068900346756,
 0.03983369842171669,
 0.0417858362197876,
 0.03878328204154968,
 0.03736066445708275,
 0.045242756605148315,
 0.03736620023846626,
 0.03902161493897438,
 0.04501929506659508,
 0.04169955477118492,
 0.04429291933774948,
 0.04300821200013161,
 0.0431988351047039,
 0.04325813427567482,
 0.041057806462049484,
 0.03338399901986122,
 0.041752494871616364,
 0.039568014442920685,
 0.04354401305317879,
 0.03987915813922882,
 0.04211941361427307,
 0.04313668981194496,
 0.03474809601902962,
 0.040944334119558334,
 0.04856821149587631,
 0.0352666862308979,
 0.042629584670066833,
 0.039707038551568985,
 0.039375755935907364,
 0.0419621542096138,
 0.03961842507123947,
 0.005537799093872309]